#Chr	Start	End	Ref	Alt	ExAC_ALL	ExAC_AFR	ExAC_AMR	ExAC_EAS	ExAC_FIN	ExAC_NFE	ExAC_OTH	ExAC_SAS
1	3372	3372	G	C	0.0002	0	0	0	0	0	0	0.0004
1	3380	3380	C	G	0.0033	0.0381	0.0096	0	0	0	0	0
1	3382	3382	C	G	0.0002	0	0	0	0	0	0	0.0003
1	3402	3402	G	C	0	0	0	0	.	0	0	0
1	3404	3404	G	A	0	0	0	0	.	0	0	0
1	3404	3404	G	T	0.0007	0	0	0	.	0	0	0.0012
1	3417	3417	C	CGAGA	0.1743	0.0333	0.2	0.0758	0	0.2	0.0714	0.2052
1	3417	3417	-	GAGA	0.1743	0.0333	0.2	0.0758	0	0.2	0.0714	0.2052
1	3418	3418	G	A	0	0	0	0	0	0	0	0
1	3426	3426	A	G	0	0	0	0	0	0	0	0
1	3438	3438	C	A	0.0002	0	0	0	0	0	0	0.0004
1	3445	3445	C	G	0.0010	0	0	0	0	0.0035	0	0.0002
1	3448	3448	C	T	0.0001	0	0	0	0	0	0	0.0002
1	3452	3452	G	C	0.0005	0	0	0	0	0.0020	0	0
1	3453	3453	T	C	0	0	0	0	0	0	0	0
1	3482	3482	G	C	0.0002	0.0032	0	0	0	0	0	0
1	3483	3483	G	C	0.0002	0.0032	0	0	0	0	0	0
1	3485	3487	AGC	A	0	0	0	0	0	0	0	0
1	3486	3487	GC	-	0	0	0	0	0	0	0	0
1	3494	3494	A	G	0.0046	0.0015	0	0	0	0.0047	0	0.0052
1	3501	3501	G	A	0.0003	0	0	0	0	0.0003	0	0.0003
1	3504	3504	G	A	0.0019	0.0160	0.0526	0.0046	0	0.0003	0	0.0004
1	3520	3520	G	C	0.0004	0	0.0299	0	0	0	0	0
1	3525	3525	G	T	0.0020	0	0	0	0	0.0004	0	0.0029
1	3528	3528	C	G	0.0012	0.0308	0.0086	0	0	0	0	0
1	3528	3528	C	T	0.0009	0	0	0	0	0.0008	0	0.0010
1	3529	3529	G	A	0.0002	0	0	0	0	0	0	0.0003
1	3537	3537	C	T	0.0022	0	0	0	0	0.0013	0	0.0031
1	3538	3538	G	A	0.0004	0	0	0	0	0	0.0263	0
1	3539	3539	G	C	0.0040	0	0	0	0	0	0	0.008
1	3543	3543	T	G	0.0010	0	0	0.0294	0	0	0	0
1	3550	3550	G	A	0.0154	0	0	0	0.5	0.0189	0	0.0242
1	7344	7344	G	A	0.0002	0	0	0	0	0	0.0167	0
1	7353	7353	G	C	0.0002	0.0010	0	0	0	0	0	0
1	7358	7361	ACTT	A	0.0165	0.0156	0.0103	0	0	0.0166	0	0.0644
1	7359	7361	CTT	-	0.0165	0.0156	0.0103	0	0	0.0166	0	0.0644
1	7365	7365	C	G	0.2553	0.1603	0.2210	0.3841	0.2245	0.2715	0.2581	0.2883
1	7373	7373	A	G	0.0425	0.0490	0.0280	0.0193	0.0342	0.0479	0.0625	0.0198
1	7375	7375	A	G	0.0758	0.0830	0.1056	0.0580	0.0423	0.0787	0.0938	0.0622
1	7378	7378	C	T	0.0028	0.0163	0	0	0	0	0	0
1	7379	7379	G	A	0.0125	0	0.0106	0	0.0048	0.0194	0	0.0099
1	7385	7385	G	A	0.2454	0.2331	0.2857	0.0423	0.2817	0.2743	0.2321	0.2092
1	7398	7398	C	A	0.0193	0.0714	0.0180	0.0271	0	0.0058	0	0.0025
1	7403	7403	A	G	0.0057	0.016	0.0035	0	0	0.0045	0	0
1	7406	7406	C	T	0.0260	0.0200	0.0870	0.0049	0.0072	0.0272	0	0.0222
1	7407	7407	G	A	0.0765	0.0303	0.0540	0.0672	0.0273	0.0894	0.0714	0.1352
1	7408	7408	C	G	0.0352	0.0339	0.0490	0	0.0273	0.0438	0	0.0074
1	7452	7452	C	T	0.0775	0.1023	0.1467	0.0673	0.0960	0.0963	0.1071	0.0412
1	7453	7453	G	A	0.0015	0	0	0.0055	0	0.0002	0.0119	0.0029
1	7459	7459	T	C	6.328e-05	0	0	0	0	0.0002	0	0
1	7462	7462	G	A	6.069e-05	0	0.0024	0	0	0	0	0
1	7465	7465	G	T	5.935e-05	0	0	0	0	0	0	0.0002
1	7468	7468	C	A	5.746e-05	0	0	0.0017	0	0	0	0
1	7472	7472	G	A	0.0004	0.0008	0	0	0.0013	0.0006	0	0
1	7473	7473	C	T	5.508e-05	0	0	0	0	0	0	0.0001
1	7477	7477	C	T	0.0001	0	0	0	0	0.0001	0	0.0001
1	7478	7478	C	G	5.245e-05	0	0	0	0	0	0	0.0001
1	7478	7478	C	T	0.0013	0.0050	0.0023	0.0016	0	0.0021	0	0
1	7479	7479	G	A	0.0025	0.0223	0.0045	0.0016	0	0.0012	0	0.0007
1	7483	7483	C	T	0.0009	0.0040	0.0022	0	0.0006	0.0012	0	0
1	7484	7484	G	A	0.0029	0.0097	0.0022	0	0.0089	0.0018	0	0.0018
1	20548	20548	T	G	0	.	.	.	.	.	.	.
1	20551	20551	C	T	0	.	.	.	.	.	.	.
